num_train: 5000
num_val: 500
filters: 32
filter_size: 5
weight_scale: 0.002088691359
hidden_dim: 500
reg: 0.000511417045343
num_epochs: 5
batch_size: 50
learning_rate: 0.000135139484703
lr_decay: 0.95